Range start,Value
0,0.0
1,0.0
2,0.0
3,0.0
4,0.0
5,0.0
6,0.0
7,0.0
8,0.0
9,0.0
10,0.0
11,0.0
12,0.0
13,0.0
14,0.0
15,0.0
16,0.0
17,0.0
18,0.0
19,0.0
20,0.0
21,0.0
22,0.0
23,0.0
24,0.0
25,0.0
26,0.0
27,0.0
28,0.0
29,0.0
30,0.0
31,0.0
32,0.0
33,0.0
34,0.0
35,0.0
36,0.0
37,0.0
38,0.0
39,0.0
40,0.0
41,1.80000004172
42,2.0
43,2.0
44,2.76862752438
45,1.0
46,4.86666673422
47,6.80392169952
48,5.56862747669
49,8.53725504875
50,7.83137264848
51,14.8039217293
52,15.5333334506
53,22.8039217293
54,11.501960814
55,16.2666666806
56,15.4666666985
57,14.7647059262
58,16.1803922951
59,18.8156863153
60,18.4666666985
61,17.7529412806
62,13.4666666985
63,20.2705883384
64,17.6039215922
65,16.2352941781
66,21.7686275244
67,27.2313726246
68,31.2039216161
69,28.8666667342
70,36.3294122815
71,32.2313725948
72,36.2352941632
73,55.4666666985
74,61.4705883861
75,55.7372549772
76,76.7372550815
77,70.9372549802
78,95.0705884397
79,93.4000000954
80,79.4392158389
81,104.003921628
82,82.101960972
83,105.533333361
84,124.235294223
85,113.533333361
86,131.666666687
87,144.0
88,150.662745237
89,169.184313804
90,188.905882478
91,212.00000006
92,222.733333349
93,255.070588261
94,247.733333379
95,296.678431779
96,302.313725598
97,327.266666681
98,297.200000077
99,328.90196088
100,378.435294211
101,389.26666671
102,388.733333349
103,466.501960844
104,455.439215779
105,483.4352943
106,462.470588386
107,458.235294133
108,437.866666734
109,490.800000042
110,422.768627644
111,501.968627483
112,484.23921591
113,479.341176778
114,462.572549224
115,519.584313817
116,534.372549184
117,538.470588356
118,549.572549194
119,453.52156876
120,493.670588523
121,541.733333379
122,525.607843496
123,496.133333385
124,537.278431654
125,574.772549152
126,560.333333433
127,594.603921771
128,533.839215904
129,611.431372702
130,619.298039287
131,589.764705926
132,636.533333421
133,702.768627703
134,712.533333365
135,799.603921786
136,826.572549209
137,819.533333361
138,793.898039266
139,809.937255025
140,822.235294133
141,787.439215899
142,852.745098233
143,822.470588326
144,880.26666677
145,834.76470596
146,795.968627512
147,760.054902047
148,736.266666681
149,681.0
150,673.498039454
151,746.305882454
152,722.768627524
153,676.203921735
154,722.733333349
155,785.501960844
156,754.870588273
157,669.200000048
158,700.000000089
159,666.733333349
160,596.470588267
161,648.439215809
162,684.235294133
163,604.06666676
164,659.466666698
165,592.498039246
166,595.0
167,585.937255025
168,604.364705935
169,593.035294205
170,600.0
171,544.0
172,571.0
173,452.0
174,473.533333361
175,500.533333361
176,479.600000083
177,391.533333361
178,425.0
179,368.0
180,422.203921676
181,308.0
182,346.050980397
183,341.466666698
184,323.533333376
185,234.152941257
186,320.082353026
187,326.666666687
188,227.666666701
189,192.301960886
190,335.301960886
191,236.466666758
192,223.0
193,198.498039246
194,200.466666698
195,448.968627542
196,232.266666681
197,256.498039246
198,293.0
199,586.89803943
200,316.0
201,366.0
202,417.235294133
203,807.8039217
204,529.0
205,420.0
206,493.0
207,398.0
208,785.0
209,377.0
210,381.0
211,429.0
212,387.0
213,826.0
214,471.0
215,513.0
216,481.0
217,904.0
218,319.0
219,385.0
220,476.0
221,354.0
222,712.0
223,269.0
224,208.0
225,112.0
226,144.0
227,378.0
228,1124.0
229,14.0
230,1.0
231,0.0
232,0.0
233,0.0
234,0.0
235,0.0
236,0.0
237,0.0
238,0.0
239,0.0
240,0.0
241,0.0
242,0.0
243,0.0
244,0.0
245,0.0
246,0.0
247,0.0
248,0.0
249,0.0
250,0.0
251,0.0
252,0.0
253,0.0
254,0.0
255,0.0
